                 location   country    gender       age  symptom_onset  hosp_visit_date  visiting Wuhan  from Wuhan     death  recovered   outcome
location         1.000000  0.254640 -0.032264 -0.123873      -0.022333        -0.016402        0.033633    0.123448  0.182027   0.160941 -0.257533
country          0.254640  1.000000 -0.046311 -0.045578      -0.125137        -0.190895       -0.164580   -0.237256 -0.161036   0.346231 -0.087633
gender          -0.032264 -0.046311  1.000000  0.004250       0.089221         0.080768        0.049183   -0.032371  0.096624  -0.007198 -0.076899
age             -0.123873 -0.045578  0.004250  1.000000      -0.060414        -0.065394       -0.141537   -0.030571  0.194782  -0.156562 -0.063304
symptom_onset   -0.022333 -0.125137  0.089221 -0.060414       1.000000         0.623463        0.086077    0.085122  0.056945   0.044702 -0.076921
hosp_visit_date -0.016402 -0.190895  0.080768 -0.065394       0.623463         1.000000        0.058958    0.159208  0.095855   0.007976 -0.086047
visiting Wuhan   0.033633 -0.164580  0.049183 -0.141537       0.086077         0.058958        1.000000   -0.175086 -0.111858   0.024369  0.078670
from Wuhan       0.123448 -0.237256 -0.032371 -0.030571       0.085122         0.159208       -0.175086    1.000000  0.273775   0.015277 -0.240918
death            0.182027 -0.161036  0.096624  0.194782       0.056945         0.095855       -0.111858    0.273775  1.000000  -0.118481 -0.767462
recovered        0.160941  0.346231 -0.007198 -0.156562       0.044702         0.007976        0.024369    0.015277 -0.118481   1.000000 -0.545650
outcome         -0.257533 -0.087633 -0.076899 -0.063304      -0.076921        -0.086047        0.078670   -0.240918 -0.767462  -0.545650  1.000000

Displaying chart at http://localhost:20714/
Displaying chart at http://localhost:20714/
Variance percent explained [7.55871839e-01 2.12921019e-01 3.05987480e-02 2.01608301e-04
 1.25988487e-04 9.28839411e-05 6.60324275e-05 5.11456096e-05
 4.62544538e-05 2.44810590e-05]
Feature Names in order greatest to least of influence: ['age' 'gender' 'country' 'visiting Wuhan' 'from Wuhan' 'death'
 'recovered' 'location' 'symptom_onset' 'hosp_visit_date']

0it [00:00, ?it/s]
0it [00:00, ?it/s]
+------------------+----------------------+
| symptom_onset    |   phi(symptom_onset) |
+==================+======================+
| symptom_onset(0) |               0.2927 |
+------------------+----------------------+
| symptom_onset(1) |               0.7073 |
+------------------+----------------------+

0it [00:00, ?it/s]
0it [00:00, ?it/s]
+--------------------+------------------------+
| hosp_visit_date    |   phi(hosp_visit_date) |
+====================+========================+
| hosp_visit_date(0) |                 0.4401 |
+--------------------+------------------------+
| hosp_visit_date(1) |                 0.5599 |
+--------------------+------------------------+

0it [00:00, ?it/s]
0it [00:00, ?it/s]
+----------+--------------+
| death    |   phi(death) |
+==========+==============+
| death(0) |       0.9939 |
+----------+--------------+
| death(1) |       0.0061 |
+----------+--------------+

0it [00:00, ?it/s]
0it [00:00, ?it/s]
Probability Table for recovery time if visited Wuhan:
+------------------------------------+-------------+
| time                               |   phi(time) |
+====================================+=============+
| time(691200000000000 nanoseconds)  |      0.0667 |
+------------------------------------+-------------+
| time(777600000000000 nanoseconds)  |      0.1333 |
+------------------------------------+-------------+
| time(1036800000000000 nanoseconds) |      0.1333 |
+------------------------------------+-------------+
| time(1382400000000000 nanoseconds) |      0.0667 |
+------------------------------------+-------------+
| time(1555200000000000 nanoseconds) |      0.1333 |
+------------------------------------+-------------+
| time(1728000000000000 nanoseconds) |      0.0667 |
+------------------------------------+-------------+
| time(1814400000000000 nanoseconds) |      0.0667 |
+------------------------------------+-------------+
| time(1900800000000000 nanoseconds) |      0.1333 |
+------------------------------------+-------------+
| time(2073600000000000 nanoseconds) |      0.0667 |
+------------------------------------+-------------+
| time(2332800000000000 nanoseconds) |      0.0667 |
+------------------------------------+-------------+
| time(2764800000000000 nanoseconds) |      0.0667 |
+------------------------------------+-------------+

Average Time to recover if visited Wuhan
18 days 00:00:00

Accuracy for predicting the outcome: 0.8529411764705882

Correlation Matrix for age: 
location          -0.123873
country           -0.045578
gender             0.004250
age                1.000000
symptom_onset     -0.060414
hosp_visit_date   -0.065394
visiting Wuhan    -0.141537
from Wuhan        -0.030571
death              0.194782
recovered         -0.156562
outcome           -0.063304
Name: age, dtype: float64

MSE of predicting age based on country, gender, death:
22.06620887022147

For n_clusters = 4 The average silhouette_score is : 0.6863110784965338
For n_clusters = 5 The average silhouette_score is : 0.7578950252960782
For n_clusters = 6 The average silhouette_score is : 0.7650391359644668
For n_clusters = 7 The average silhouette_score is : 0.7568724943273829
For n_clusters = 8 The average silhouette_score is : 0.7558999235313361

ROCAUC score of balanced model: 0.8121311111336292
Accuracy score of balanced model: 0.6323529411764706
F1 score of balanced model: 0.6323529411764706

Training score of the best model:0.8356497612595174
0.8356497612595174
{'randomforestclassifier__max_depth': 4, 'randomforestclassifier__max_features': 6}
Test accuracy of the best model: 0.882
MSE of the best model: 0.3429971702850177
[2 2 2 2 2 2 2 2 2 2 1 0 2 2 2 2 1 1 2 2 2 2 2 2 2 2 2 2 2 2 2 1 2 2 1 2 2
 2 2 2 2 2 2 2 2 2 2 2 2 2 2 2 2 2 0 2 1 2 2 2 2 2 2 2 2 2 2 2 2 2 0 2 1 2
 1 2 2 2 2 2 1 2 1 2 2 2 1 2 2 1 2 1 2 2 2 2 0 2 2 2 2 2 2 2 2 0 1 2 2 2 2
 2 2 2 2 2 2 2 2 2 2 2 2 2 1 2 2 2 2 2 2 2 2 2 1 2]
